Cat was o
Man was o
Width of table: 8
Height of table: 8
Fields: (id | stone | side | free)
00110
01011
02110
03011
04011
05011
06110
07011
10011
11100
12001
13001
14001
15001
16100
17110
20110
21001
22100
23100
24100
25100
26001
27110
30110
31001
32100
33100
34001
35100
36100
37011
40011
41001
42001
43001
44001
45001
46001
47011
50011
51100
52001
53001
54001
55001
56001
57011
60110
61001
62100
63001
64001
65001
66001
67011
70011
71011
72011
73110
74110
75011
76011
77110

Cat was o
Man was o
Width of table: 8
Height of table: 8
Fields: (id | stone | side | free)
00110
01011
02110
03011
04011
05011
06110
07011
10011
11100
12001
13001
14001
15001
16100
17110
20110
21001
22100
23100
24100
25100
26001
27110
30110
31001
32100
33100
34001
35100
36100
37011
40011
41001
42001
43001
44001
45001
46001
47011
50011
51100
52001
53001
54001
55001
56001
57011
60110
61001
62100
63001
64001
65001
66001
67011
70011
71011
72011
73110
74110
75011
76011
77110

Cat was o
Man was o
Width of table: 8
Height of table: 8
Fields: (id | stone | side | free)
00011
01011
02110
03011
04011
05110
06011
07011
10110
11001
12001
13100
14100
15001
16100
17011
20011
21100
22100
23001
24100
25001
26001
27110
30011
31100
32100
33001
34001
35001
36001
37011
40011
41100
42001
43100
44001
45001
46001
47011
50011
51001
52100
53100
54000
55100
56001
57110
60110
61001
62001
63001
64001
65100
66100
67011
70011
71011
72110
73011
74011
75011
76110
77011

Cat was o
Man was o
Width of table: 8
Height of table: 8
Fields: (id | stone | side | free)
00011
01011
02110
03011
04110
05011
06011
07011
10110
11100
12001
13001
14001
15100
16001
17011
20011
21001
22100
23001
24001
25001
26001
27011
30011
31001
32100
33100
34100
35001
36001
37110
40110
41001
42001
43001
44001
45001
46100
47110
50110
51001
52001
53100
54100
55001
56001
57011
60110
61100
62100
63001
64100
65001
66100
67011
70011
71110
72011
73011
74011
75110
76011
77110

